7 0 0 1
6 0 0 5
1 1 0 3
1 2 0 4
1 3 0 5
15 2 2 3
13 1 1 2
4 1 0 4
3 1 0 4
9 1 0 0
1 1 0 3
1 2 0 4
13 1 1 2
1 2 0 5
15 1 1 2
4 1 0 4
3 1 0 4
9 1 0 0
1 1 0 3
1 2 0 4
1 3 0 5
15 2 2 3
13 1 1 2
4 1 0 4
3 1 0 4
9 1 0 0
1 1 0 3
1 2 0 4
13 1 1 2
1 2 0 1
14 1 1 2
1 2 0 5
15 1 1 2
4 1 0 4
3 1 0 4
9 1 0 0
1 1 0 3
1 2 0 4
1 3 0 5
1 4 0 7
1 5 0 6
14 4 4 5
15 3 3 4
15 2 2 3
15 1 1 2
4 1 0 4
3 1 0 4
9 1 0 0
1 1 0 7
1 2 0 6
14 1 1 2
1 2 0 5
15 1 1 2
1 2 0 4
15 1 1 2
1 2 0 2
16 1 1 2
4 1 0 4
3 1 0 4
9 1 0 0
1 1 0 7
1 2 0 6
14 1 1 2
1 2 0 5
15 1 1 2
1 2 0 4
15 1 1 2
1 2 0 2
16 1 1 2
12 1 1 0
1 2 0 15
13 1 1 2
4 1 0 4
3 1 0 4
9 1 0 0
2 0 0 0
11 0 0 3
